Expected matrix :
100 101 102 103 104 
105 106 107 108 109 
110 111 112 113 114 


--------------------------------------------
Standard Vector : 
100 101 102 103 104 
105 106 107 108 109 
110 111 112 113 114 

Id    Value        Address        Diff
0      100        0x10ac00140       -
1      101        0x10ac00144       1
2      102        0x10ac00148       1
3      103        0x10ac0014c       1
4      104        0x10ac00150       1
5      105        0x10ac00154       1
6      106        0x10ac00158       1
7      107        0x10ac0015c       1
8      108        0x10ac00160       1
9      109        0x10ac00164       1


--------------------------------------------
C Array : 
100 101 102 103 104 
105 106 107 108 109 
110 111 112 113 114 

Id    Value        Address        Diff
0      100        0x16b0f5da0       -
1      101        0x16b0f5da4       1
2      102        0x16b0f5da8       1
3      103        0x16b0f5dac       1
4      104        0x16b0f5db0       1
5      105        0x16b0f5db4       1
6      106        0x16b0f5db8       1
7      107        0x16b0f5dbc       1
8      108        0x16b0f5dc0       1
9      109        0x16b0f5dc4       1


--------------------------------------------
Casa Array : 
100 101 102 103 104 
105 106 107 108 109 
110 111 112 113 114 

Id    Value        Address        Diff
0      100        0x10ac000e0       -
1      101        0x10ac000e4       1
2      102        0x10ac000e8       1
3      103        0x10ac000ec       1
4      104        0x10ac000f0       1
5      105        0x10ac000f4       1
6      106        0x10ac000f8       1
7      107        0x10ac000fc       1
8      108        0x10ac00100       1
9      109        0x10ac00104       1


--------------------------------------------
Casa Matrix : 
100 101 102 103 104 
105 106 107 108 109 
110 111 112 113 114 

Id    Value        Address        Diff
0      100        0x10ac00080       -
1      101        0x10ac00084       1
2      102        0x10ac00088       1
3      103        0x10ac0008c       1
4      104        0x10ac00090       1
5      105        0x10ac00094       1
6      106        0x10ac00098       1
7      107        0x10ac0009c       1
8      108        0x10ac000a0       1
9      109        0x10ac000a4       1

